              precision    recall  f1-score   support

      bridge     0.9677    0.9091    0.9375        33
       clean     0.8684    1.0000    0.9296        33
         cmp     0.9677    0.9091    0.9375        33
       crack     1.0000    1.0000    1.0000        33
         ler     1.0000    1.0000    1.0000        33
        open     0.9697    0.9697    0.9697        33
       other     0.9412    0.9697    0.9552        33
    particle     1.0000    0.9697    0.9846        33
     scratch     0.9697    0.9697    0.9697        33
        vias     1.0000    0.9697    0.9846        33

    accuracy                         0.9667       330
   macro avg     0.9684    0.9667    0.9668       330
weighted avg     0.9684    0.9667    0.9668       330
